Webots Project File version R2020a
perspectives: 000000ff00000000fd0000000300000000000002d8000003e9fc0100000001fb0000001a0044006f00630075006d0065006e0074006100740069006f006e0000000000ffffffff0000006900ffffff000000010000011c00000257fc0200000001fb0000001400540065007800740045006400690074006f00720000000014000002570000003f00ffffff0000000300000738000003cefc0100000001fb0000000e0043006f006e0073006f006c00650100000000000007380000006900ffffff000007380000000000000001000000020000000100000008fc00000000
simulationViewPerspectives: 000000ff000000010000000200000181000005fd0100000002010000000100
sceneTreePerspectives: 000000ff0000000100000002000000c0000000fa0100000002010000000200
maximizedDockId: -1
centralWidgetVisible: 0
selectionDisabled: 0
viewpointLocked: 0
orthographicViewHeight: 1
textFiles: -1
renderingDevicePerspectives: UR5e:kinect color;0;0.657812;0;0
renderingDevicePerspectives: UR5e:kinect range;0;0.657812;0;0
